              precision    recall  f1-score   support

           0       1.00      0.99      1.00       119
           1       1.00      1.00      1.00       113
           2       1.00      1.00      1.00       117
           3       1.00      1.00      1.00       127
           4       1.00      0.98      0.99       123
           5       0.95      1.00      0.98       144
           6       1.00      0.97      0.98       126
           7       1.00      1.00      1.00       123

    accuracy                           0.99       992
   macro avg       0.99      0.99      0.99       992
weighted avg       0.99      0.99      0.99       992
